#  M_g [Mo]		 M_b [Mo]	       Compactness
   0.07967729686170635   0.07969772745527075   0.003282340313550041
   0.08019864417587819   0.08022088344906127   0.003602673813234891
   0.08065569146375748   0.08067966193213789   0.003921540795458349
   0.08105881122292589   0.08108443722962647   0.004238962626455341
   0.08167667945198091   0.08170498925189655   0.004597280269538952
   0.08392981485948564   0.08396935991211869   0.005140165887220189
   0.08786915865060382   0.0879303262510767    0.005849490480620797
   0.09320666313553137   0.09330195423352103   0.006689201800115683
   0.09969836898813357   0.09984108563948982   0.007637006671172279
   0.1070855876011299    0.1072904049260525    0.008660805511774275
   0.1152297532784129    0.1155085527741729    0.009730605197463587
   0.1237872907465169    0.1241540338303251    0.01083433021208323
   0.1327554102030044    0.1332279063456062    0.01198197052109353
   0.1421335355604303    0.142727540024043     0.01315442076346788
   0.1516467183923776    0.1523702306631654    0.01430915511514255
   0.1615888940046986    0.1624716633870176    0.01553190922044429
   0.1714459167061882    0.1724832152107007    0.01668634885295326
   0.1818093226607208    0.1830397572669457    0.01792870025871467
   0.1918914259486885    0.1933040247073965    0.01908299926218945
   0.2024773645316465    0.2041129959007911    0.02031782144192257
   0.2128555223270673    0.214709100267179     0.0214938333720845
   0.2234387537983749    0.2255323677257344    0.02268784135576177
   0.2344056192587821    0.2367773186214049    0.0239374158657729
   0.2448585189911672    0.2474827584917443    0.02508221476236964
   0.2556453582710962    0.2585570636131623    0.02627122177194437
   0.2668085024340416    0.27004905980878      0.02751250081903431
   0.2774661784666649    0.2810074545059901    0.02865965359830785
   0.2882708387201759    0.2921355166550463    0.02981974586665935
   0.2993524530619328    0.3035759410965522    0.03101455639261477
   0.310680884454686     0.3152985945067093    0.03224004389034404
   0.3213784884039808    0.3263486049725923    0.0333605712337108
   0.3322557121258676    0.3376064626268209    0.03450085897943016
   0.3433297645289851    0.3490926621447696    0.03566374519110337
   0.354618912383614     0.3608291424288524    0.03685222913941458
   0.3657915039288006    0.3724523355880797    0.03801799339918777
   0.3765995269550097    0.3836870029815374    0.03912450769389127
   0.3875314240409867    0.39507131272503      0.04024339906675733
   0.3985972333476745    0.4066175779070005    0.04137626977825891
   0.40980734313767      0.4183386581860379    0.04252476311037403
   0.4211726742135097    0.4302481761145472    0.04369059248578146
   0.4321838699161296    0.4417789366272426    0.04480354909096474
   0.44299401982383      0.4530993275172214    0.04588480862121762
   0.4538779943556289    0.4645162510854173    0.04697246269113958
   0.4648410529065074    0.4760364208683175    0.0480673562475428
   0.475888484634869     0.4876666653616221    0.0491703301708729
   0.4870256783540451    0.4994140099978449    0.05028223187765794
   0.498258185466769     0.5112857528585867    0.05140392491414545
   0.5093302074500866    0.5229918182433084    0.05250175016929257
   0.5200394714903885    0.5343001241577767    0.05354910249858467
   0.5307830092113889    0.5456618420466038    0.0545985211699672
   0.5415634029929184    0.5570804057761257    0.0556504436350338
   0.5523831740414753    0.5685592181331006    0.05670529360036539
   0.563244811361837     0.5801016839102161    0.05776348529814825
   0.574150796527779     0.5917112387270507    0.05882542716095161
   0.5851036253228856    0.6033913747487892    0.05989152504837342
   0.5961058270748754    0.6151456642042195    0.06096218513972929
   0.6071290584101321    0.6269418847748438    0.06203393970452895
   0.6176365427826884    0.6381557926133323    0.06303960603262997
   0.6281487029981683    0.6493902208973008    0.06404453445870271
   0.6386667021120093    0.66064678318609      0.06504894647642279
   0.6491916452438296    0.6719270427406973    0.06605305278581045
   0.6597245916657101    0.6832325260034103    0.06705705504372247
   0.6702665650265085    0.6945647341058759    0.06806114735943622
   0.680818562080746     0.7059251528037909    0.069065517584216
   0.6913815602109233    0.7173152611508012    0.07007034843342627
   0.7019565239739807    0.7287365391619102    0.07107581847198781
   0.7125444108550363    0.7401904746656923    0.07208210298791358
   0.7231461763785647    0.7516785695094602    0.07308937477411688
   0.7337627786974659    0.7632023452498428    0.07409780483490985
   0.744051319800264     0.7743503373913175    0.07506621864580809
   0.7542043040273435    0.7853516304938702    0.07601786359910245
   0.7643427422560839    0.7963513079418342    0.07696734885336419
   0.7744670964393404    0.807350030961553     0.07791477987884814
   0.7845778010262905    0.8183484342874837    0.07886025690825491
   0.7946752668955558    0.8293471305248052    0.07980387551085512
   0.8047598847525065    0.8403467139322837    0.08074572709477572
   0.8148320280762208    0.8513477637186546    0.08168589934848026
   0.8248920556859539    0.8623508469287039    0.08262447663050358
   0.8349403139849154    0.8733565209821242    0.08356154031497663
   0.8449771389295844    0.8843653359177843    0.08449716909923088
   0.85500285776436      0.8953778363868548    0.08543143927873995
   0.8650177905557975    0.9063945634322431    0.08636442499386821
   0.8750222515539429    0.9174160560844129    0.08729619845213971
   0.8850165504055246    0.9284428528007156    0.08822683012927074
   0.8950009932390214    0.9394754927701934    0.08915638895168418
   0.9049758836392565    0.9505145171032626    0.09008494246285002
   0.9145871286477922    0.9611187392914617    0.09097190490975712
   0.9241567499335109    0.9716875012880631    0.09185428353003615
   0.9336991403959981    0.9822386971474715    0.09273376053145432
   0.9432145084987816    0.9927725854271598    0.09361038922667086
   0.9527030514044296    1.003289412850114     0.0944842206076935
   0.9621649562130673    1.013789415681381     0.09535530353058988
   0.9716004010576753    1.024272820946348     0.09622368488128916
   0.981009556073884     1.034739847510301     0.09708940972474649
   0.9903925842610757    1.045190707037967     0.09795252143954371
   0.9997496422477999    1.055625604847359     0.09881306183959894
   1.009080880973803     1.066044740671593     0.09967107128452631
   1.018386446298245     1.076448309339242     0.1005265887798839
   1.027666479543303     1.086836501383406     0.101379652068469
   1.036921117980482     1.097209503587622     0.1022302977136245
   1.046150495266158     1.107567499475776     0.1030785611753854
   1.055354741832425     1.117910669752797     0.1039244768802572
   1.064533985237712     1.128239192701016     0.1047680782852244
   1.073688350482491     1.138553244538116     0.1056093979366453
   1.082817960292676     1.148852999739519     0.1064484675244479
   1.091922935375228     1.159138631330214     0.1072853179321612
   1.101003394648439     1.169410311148775     0.1081199792831409
   1.110059455449504     1.179668210086434     0.1089524809833507
   1.119091233722018     1.189912498304134     0.1097828517610268
   1.128055170048438     1.20008573525633      0.1106062898004326
   1.136777296847161     1.209957530714765     0.1114035815784321
   1.145466354629363     1.219802528339766     0.112197833558311
   1.154122492641658     1.229620856295543     0.1129890762148913
   1.162745856178703     1.23941263849196      0.1137773390923281
   1.171336586929176     1.249177994977294     0.1145626508588425
   1.179894823287944     1.258917042292615     0.1153450393570064
   1.188420700638282     1.268629893792111     0.116124531650045
   1.196914351607433     1.278316659933116     0.116901154064544
   1.205375906297932     1.287977448538618     0.1176749322299036
   1.213805492497113     1.297612365034957     0.1184458911148117
   1.222203235867821     1.307221512668167     0.1192140550610852
   1.230569260120935     1.316804992699649     0.1199794478150321
   1.238903687172506     1.326362904584353     0.1207420925566081
   1.24720663728653      1.335895346132629     0.1215020119265485
   1.255478229204707     1.345402413657278     0.1222592280516302
   1.263718580264692     1.354884202107519     0.1230137625682532
   1.271927806507742     1.364340805190882     0.1237656366444598
   1.280106022776607     1.373772315484012     0.1245148710005154
   1.288253342805192     1.383178824534097     0.1252614859282054
   1.296369879299219     1.392560422950048     0.126005501308855
   1.304455744011141     1.401917200487131     0.1267469366303278
   1.312511047807269     1.411249246122731     0.1274858110029084
   1.320535900729596     1.420556648126065     0.1282221431742874
   1.32853041205188      1.429839494121336     0.1289559515436419
   1.336494690330851     1.439097871145358     0.129687254174902
   1.344428843452917     1.448331865699995     0.1304160688092725
   1.352332978676518     1.45754156379966      0.1311424128770354
   1.360207202670958     1.466727051014791     0.1318663035087115
   1.368051621551658     1.475888412511216     0.132587757545619
   1.37586634091197      1.485025733085581     0.1333067915498396
   1.383651465852564     1.494139097198028     0.1340234218136938
   1.391407101008034     1.503228589001665     0.134737664368711
   1.399133350570064     1.512294292368079     0.1354495349940872
   1.406830318310872     1.521336290913206     0.1361590492248586
   1.414498107601447     1.530354668017194     0.1368662223594876
   1.422036577497863     1.53920715684484      0.1375603937252345
   1.429471883585641     1.547929999636384     0.1382443556595619
   1.436874467341488     1.556622911594397     0.1389256143186216
   1.444244470697123     1.565285994550482     0.1396041881456506
   1.451582034330887     1.573919349231799     0.1402800952708462
   1.45888729773092      1.582523075334222     0.1409533535232043
   1.466160399254039     1.591097271590416     0.1416239804416958
   1.473401476179337     1.599642035831688     0.1422919932857768
   1.480610664757954     1.608157465045304     0.1429574090453181
   1.48778810025936      1.616643655427686     0.143620244450011
   1.494933917013029     1.625100702432187     0.1442805159781852
   1.502048248449046     1.633528700815538     0.1449382398652978
   1.509131227133019     1.641927744677649     0.1455934321118068
   1.516182984800323     1.650297927500554     0.1462461084907544
   1.523203652387075     1.658639342183509     0.146896284554924
   1.530193360058804     1.666952081075358     0.1475439756436374
   1.537152237237041     1.675236236004457     0.1481891968892156
   1.544080412624032     1.683491898306336     0.1488319632231386
   1.550978014225497     1.691719158849081     0.1494722893818917
   1.557845169371783     1.699918108056789     0.1501101899125452
   1.564682004737516     1.708088835931263     0.1507456791780785
   1.571488646359565     1.716231432071688     0.1513787713624405
   1.578265219654136     1.724345985693274     0.1520094804754129
   1.585011849432373     1.732432585644149     0.1526378203572387
   1.591728659914355     1.740491320420312     0.1532638046830215
   1.598415774743029     1.74852227818055      0.1538874469669853
   1.605073316996948     1.756525546759888     0.1545087605665601
   1.611701409200845     1.764501213680515     0.1551277586861907
   1.618300173337148     1.772449366163791     0.15574445438112
   1.624869730855658     1.780370091140088     0.1563588605609419
   1.631410202682766     1.788263475258071     0.1569709899930279
   1.637921709230106     1.796129604893316     0.1575808553058185
   1.644404370402459     1.803968566156037     0.1581884689919945
   1.650858305605154     1.8117804448982       0.1587938434115122
   1.657283633750922     1.81956532671999      0.1593969907945253
   1.66368047326628      1.827323296975741     0.1599979232442094
   1.670048942097473     1.835054440779296     0.1605966527394698
   1.676389157715916     1.842758843008803     0.1611931911375523
   1.682701237123093     1.850436588310858     0.1617875501765462
   1.688985296856183     1.8580877611055       0.1623797414778743
   1.695241452991084     1.86571244558812      0.1629697765485404
   1.701469821147611     1.873310725733955     0.1635576667834685
   1.707670516493293     1.880882685300904     0.164143423467683
   1.713843653746123     1.888428407831111     0.1647270577783698
   1.719989347178678     1.895947976654172     0.1653085807869752
   1.726107710620788     1.903441474888607     0.1658880034611442
   1.732198857462476     1.910908985443667     0.1664653366666445
   1.73826290065687      1.918350591021101     0.1670405911692286
   1.744299952722383     1.925766374116052     0.1676137776364046
   1.750310125745276     1.933156417018404     0.1681849066391856
   1.7562935313818       1.940520801813647     0.1687539886537724
   1.76225028086022      1.947859610383576     0.1693210340631803
   1.768180484982725     1.955172924406879     0.1698860531588258
   1.774084254127287     1.962460825359647     0.1704490561420635
   1.779961698249374     1.969723394515723     0.1710100531256787
   1.785812926883402     1.976960712946736     0.1715690541353317
   1.791638049144439     1.984172861522446     0.1721260691109709
   1.797427189942456     1.991343891735398     0.1726800685744583
   1.803106448613371     1.998354730202242     0.173223356830485
   1.808758784068888     2.005338200976649     0.1737645676658369
   1.814384321605935     2.012294401174958     0.1743037124232457
   1.819983185835317     2.019223427479625     0.1748408023375127
   1.825555500690396     2.02612537614759      0.1753758485375957
   1.831101389436845     2.033000343019909     0.1759088620487055
   1.836620974681159     2.039848423529889     0.1764398537942796
   1.842114378378953     2.046669712710954     0.1769688345978973
   1.84758172184285      2.053464305204007     0.1774958151851353
   1.853023125750043     2.060232295264373     0.1780208061853532
   1.858438710149072     2.066973776767804     0.1785438181333994
   1.863828594468883     2.073688843219243     0.1790648614714102
   1.869192897521046     2.080377587753285     0.1795839465501626
   1.874531737510587     2.087040103145073     0.180101083630915
   1.879845232039692     2.09367648181257      0.1806162828867829
   1.88513349811397      2.100286815821903     0.1811295544042281
   1.890396652148336     2.106871196892275     0.1816409081845094
   1.895634809971694     2.113429716399404     0.1821503541450178
   1.900848086833359     2.119962465381067     0.1826579021206937
   1.906036597406467     2.126469534539017     0.1831635618652324
   1.911200455793933     2.132951014243959     0.1836673430524171
   1.916339775533016     2.139406994538873     0.1841692552773459
   1.921454669599131     2.145837565141397     0.1846693080575791
   1.926545250410713     2.152242815447497     0.185167510834334
   1.931611629833292     2.158622834534203     0.1856638729736089
   1.936653919183513     2.164977711162261     0.186158403767274
   1.941672229233094     2.171307533778712     0.186651112434143
   1.946666670212658     2.177612390519341     0.1871420081210134
   1.951637351815441     2.183892369210971     0.1876310999036856
   1.956584383200848     2.19014755737357      0.1881183967879384
   1.961507872997992     2.196378042222366     0.1886039077105006
   1.966407929308813     2.202583910669422     0.1890876415399667
   1.971284659713273     2.208765249327792     0.1895696070778314
   1.976138171268352     2.214922144508091     0.1900498130591172
   1.980968570515952     2.221054682225938     0.19052826815354
   1.985775963483409     2.227162948200426     0.1910049809662044
   1.990560455686651     2.233247027855779     0.1914799600384308
   1.995322152134288     2.239307006324184     0.1919532138486531
   2.000061157329037     2.245342968445383     0.1924247508131069
   2.004777575271762     2.25135499876944      0.1928945792866925
   2.00947150946368      2.257343181557298     0.1933627075636795
   2.014143062909095     2.263307600781989     0.1938291438784712
   2.018792338118592     2.269248340130402     0.1942938964063331
   2.023419437110922     2.275165483003476     0.1947569732640855
   2.028024461416107     2.281059112517877     0.1952183825108076
   2.032607512077842     2.286929311506838     0.1956781321485169
   2.037168689656024     2.29277616252117      0.1961362301228387
   2.041708094229239     2.298599747830202     0.1965926843236498
   2.046225825397207     2.30440014942271      0.1970475025857304
   2.050721982283167     2.31017744900777      0.1975006926893732
   2.055196663536279     2.315931728015646     0.1979522623610125
   2.059649967333967     2.321663067598592     0.1984022192738203
   2.064081991384241     2.327371548631688     0.1988505710482951
   2.068492832927991     2.333057251713602     0.199297325252843
   2.072882588740801     2.338720257166806     0.1997424894043154
   2.077251355137302     2.344360645040892     0.2001860709686998
   2.081599227969302     2.349978495108288     0.2006280773614101
   2.085926302632085     2.355573886869992     0.2010685159480843
   2.090232674064295     2.361146899553451     0.2015073940449548
   2.094518436750912     2.366697612114239     0.2019447189194343
   2.098783684725174     2.372226103236463     0.2023804977906011
   2.103028511570671     2.377732451333376     0.2028147378296963
   2.10725301042351      2.3832167345481       0.2032474461606234
   2.111457273974379     2.388679030754235     0.203678629860422
   2.115641394470498     2.394119417556325     0.2041082959597435
   2.119805463718193     2.399537972291122     0.2045364514433451
   2.12394957308414      2.404934772027218     0.2049631032504909
   2.128073813497968     2.410309893566343     0.2053882582754538
   2.132178275454066     2.415663413443717     0.2058119233679321
   2.136263049013629     2.420995407928701     0.206234105333494
   2.140328223806696     2.42630595302543      0.2066548109340128
   2.144373889034001     2.431595124473272     0.2070740468880713
   2.148400133469076     2.436862997747549     0.2074918198713966
   2.152407045460128     2.44210964806003      0.2079081365172564
   2.156394712932014     2.44733515035955      0.2083230034168694
   2.160363223388126     2.452539579332533     0.2087364271197923
   2.164312663912462     2.457723009403714     0.2091484141343232
   2.168243121171318     2.462885514736485     0.2095589709278746
   2.172154681415419     2.468027169233698     0.2099681039273571
   2.176047430481298     2.473148046537636     0.2103758195195297
   2.179921453795178     2.478248220033026     0.2107821240514864
   2.183776836370982     2.483327762842841     0.2111870238307793
   2.187613662815893     2.488386747833423     0.2115905251260016
   2.191432017330643     2.493425247613122     0.2119926341670478
   2.195231983711538     2.498443334533074     0.2123933571454633
   2.199013645352202     2.503441080687654     0.2127927002147854
   2.202777085245952     2.508418557915714     0.2131906694909114
   2.206522385986685     2.513375837799983     0.2135872710523753
   2.210249629771646     2.518312991668829     0.2139825109407224
   2.213958898402748     2.523230090596217     0.2143763951608214
   2.217650273288561     2.528127205402521     0.2147689296811765
   2.221323835446015     2.533004406654967     0.2151601204342428
   2.224979665502193     2.537861764668238     0.2155499733167343
   2.228617843696504     2.542699349505529     0.2159384941899576
   2.232238449881871     2.5475172309784       0.2163256888800762
   2.235841563526852     2.5523154786478       0.216711563178421
   2.239427263717439     2.557094161824696     0.2170961228418031
   2.242995629158727     2.561853349570554     0.2174793735927781
   2.246546738176748     2.56659311069805      0.217861321119957
   2.250080668720162     2.571313513771586     0.2182419710782673
   2.253597498362103     2.576014627108012     0.2186213290892576
   2.257097304301827     2.580696518777152     0.2189994007413483
   2.260580163366619     2.585359256602602     0.2193761915901318
   2.264046152013026     2.590002908161759     0.219751707158595
   2.267481193367397     2.594600356855173     0.2201244852326296
   2.270873498573709     2.599128706988158     0.2204932993819487
   2.274248997696366     2.603637600556786     0.220860835507711
   2.277607769772162     2.608127110242887     0.2212270993973619
   2.280949893421643     2.612597308431846     0.221592096801875
   2.284275446849529     2.617048267211471     0.2219558334359512
   2.287584507850105     2.621480058377052     0.2223183149785432
   2.290877153807994     2.625892753430683     0.2226795470730628
   2.294153461701074     2.630286423583263     0.2230395353277437
   2.297413508103063     2.634661139756104     0.2233982853159607
   2.300657369186041     2.639016972582435     0.2237558025765567
   2.303885120722831     2.64335399240879      0.2241120926141408
   2.30709683808955      2.647672269296586     0.2244671608994171
   2.310292596267978     2.651971873023485     0.2248210128694707
   2.313472469847937     2.656252873084793     0.2251736539280798
   2.316636533029621     2.660515338694795     0.225525089446003
   2.319784859626299     2.664759338788582     0.2258753247612883
   2.322917523066094     2.668984942022706     0.2262243651795355
   2.326034596394618     2.673192216776945     0.2265722159741872
   2.329136152277193     2.677381231155552     0.2269188823868163
   2.3322222630012       2.681552052988648     0.2272643696273981
   2.335293000478206     2.685704749833387     0.2276086828745784
   2.338348436246217     2.689839388975276     0.2279518272759392
   2.341388641472057     2.693956037429641     0.2282938079482801
   2.344413686952989     2.698054761942177     0.2286346299778327
   2.347423643119853     2.702135628991409     0.2289742984205888
   2.350418580038339     2.706198704788815     0.2293128183024966
   2.353398567411514     2.710244055280535     0.229650194619728
   2.356363674581958     2.714271746148591     0.2299864323389381
   2.359313970533529     2.718281842811681     0.2303215363974795
   2.362249523893516     2.722274410426432     0.2306555117036549
   2.365170402936143     2.726249513890383     0.2309883631370347
   2.368076675582043     2.73020721783991      0.2313200955485452
   2.370968409402024     2.734147586653557     0.231650713760792
   2.373845671619171     2.738070684453271     0.2319802225683057
   2.376708529108953     2.741976575103156     0.2323086267376503
   2.379557048404012     2.745865322214128     0.2326359310078081
   2.382391295694322     2.749736989142725     0.2329621400903078
   2.385211336829522     2.753591638992703     0.2332872586694441
   2.388017237320924     2.757429334616207     0.2336112914025139
   2.390809062343474     2.76125013861488      0.233934242920023
   2.393586876737603     2.765054113340894     0.2342561178258914
   2.396350745011037     2.768841320897878     0.2345769206976623
   2.399100731341181     2.772611823142629     0.2348966560867297
   2.401836899576249     2.776365681685205     0.2352153285184998
   2.404559313237661     2.780102957890672     0.2355329424926254
   2.407268035521739     2.783823712879939     0.2358495024831936
   2.409963129301542     2.787528007530807     0.2361650129389213
   2.412644657128665     2.791215902478956     0.2364794782833476
   2.41531268123516      2.794887458119105     0.2367929029150333
   2.417967263535248     2.798542734605928     0.2371052912077467
   2.420608465627088     2.802181791855039     0.237416647510643
   2.423236348794652     2.805804689544123     0.237726976148463
   2.425850974009415     2.809411487113834     0.2380362814217133
   2.428452401932181     2.813002243768897     0.2383445676068432
   2.431040692914681     2.816577018478913     0.2386518389564258
   2.433615907001515     2.820135869979595     0.2389580996993408
   2.43617810393183      2.82367885677371      0.2392633540409486
   2.438727343140648     2.827206037131577     0.2395676061632473
   2.441263683761123     2.830717469092728     0.2398708602250752
   2.443787184626225     2.834213210466881     0.2401731203622748
   2.446297904269672     2.837693318833943     0.2404743906878272
   2.44879590092846      2.841157851546079     0.240774675292062
   2.451281232543573     2.844606865727451     0.2410739782427709
   2.453753956763745     2.848040418277848     0.2413723035854962
   2.456214130944052     2.851458565869778     0.2416696553435102
   2.458661812150098     2.85486136495263      0.2419660375181287
   2.461097057157119     2.858248871750466     0.2422614540887157
   2.46351992245454      2.861621142266642     0.2425559090130239
   2.465930464245596     2.864978232282264     0.2428494062272288
   2.468328738449447     2.868320197357765     0.243141949646112
   2.470714800702711     2.871647092833765     0.2434335431632126
   2.473088706361083     2.874958973832057     0.2437241906509812
   2.47545051050087      2.878255895256497     0.2440138959609272
   2.477800267920488     2.881537911793808     0.2443026629237675
   2.480138033142097     2.884805077914651     0.244590495349572
   2.48246386041293      2.888057447874222     0.2448773970278993
   2.484777803707333     2.891295075713845     0.2451633717279762
   2.487079916727582     2.894518015260947     0.2454484231987909
   2.489370252905763     2.897726320130444     0.2457325551692617
   2.491648865405284     2.900920043725648     0.2460157713483754
   2.493915807122253     2.904099239238994     0.2462980754253209
   2.496171130687002     2.907263959652991     0.2465794710696271
   2.498414888465562     2.910414257741088     0.2468599619313004
   2.500647132561154     2.913550186068609     0.2471395516409601
   2.502867914815277     2.916671796993135     0.2474182438099502
   2.505077286809937     2.919779142666373     0.2476960420305228
   2.507275299868303     2.92287227503403      0.2479729498759103
   2.509462005056486     2.925951245837116     0.248248970900496
   2.511637453184916     2.929016106612736     0.2485241086399157
   2.513801694809743     2.932066908694952     0.2487983666112109
   2.515954780234255     2.935103703215625     0.2490717483129297
   2.518096759510075     2.938126541105018     0.2493442572252592
   2.520227682438867     2.941135473093057     0.2496158968101623
   2.522347598573557     2.944130549709951     0.2498866705114903
   2.524456557219636     2.94711182128694      0.2501565817551002
   2.526554607436594     2.950079337957243     0.2504256339489834
   2.528641798039257     2.953033149656833     0.250693830483381
   2.530718177598678     2.955973306124709     0.2509611747308738
   2.532783794445297     2.958899856906012     0.2512276700466136
   2.5348386966675       2.961812851349341     0.2514933197682739
   2.536882932114816     2.964712338609929     0.251758127216268
   2.538916548398695     2.967598367649791     0.2520220956938444
   2.540939592894402     2.970470987239259     0.2522852284872286
   2.542952112740326     2.973330245955285     0.2525475288656134
   2.54495415484209      2.976176192185795     0.252809000081444
   2.546945765872086     2.97900887412828      0.2530696453704276
   2.548926992271032     2.981828339790949     0.253329467951649
   2.550897880249368     2.984634636993675     0.2535884710276974
   2.552858475788497     2.987427813368763     0.2538466577847651
   2.554808824641976     2.990207916361648     0.2541040313927517
   2.5567489723368       2.992974993231743     0.254360595005382
   2.558678964174626     2.995729091053159     0.2546163517602955
   2.560598845233209     2.998470256715799     0.2548713047791702
   2.562508660367212     3.00119853692554      0.2551254571678029
   2.564408454209694     3.0039139782054       0.2553788120162213
   2.566298271173355     3.006616626896304     0.2556313723987978
   2.568178155451569     3.009306529157664     0.2558831413743256
   2.570048151019714     3.011983730968302     0.2561341219861403
   2.571908301636307     3.014648278127107     0.2563843172622043
   2.573758650844174     3.017300216253825     0.2566337302152166
   2.575599241971776     3.019939590789953     0.2568823638427071
   2.577430118133857     3.02256644699886      0.2571302211271054
   2.579251322233547     3.025180829967711     0.2573773050359028
   2.581062896962552     3.027782784606981     0.2576236185216701
   2.582864884802997     3.030372355652085     0.2578691645222157
   2.584657328027928     3.032949587663293     0.2581139459606182
   2.586440268703023     3.035514525027203     0.2583579657453747
   2.58821374868776      3.038067211957514     0.2586012267704819
   2.589977809635746     3.040607692494743     0.2588437319154814
   2.59173249299674      3.043136010508125     0.2590854840456043
   2.593477840017186     3.045652209695565     0.2593264860118358
   2.595213891741865     3.048156333585089     0.2595667406510225
   2.596940689014194     3.050648425534521     0.2598062507859275
   2.598658272478027     3.053128528733116     0.2600450192253467
   2.600366682578433     3.055596686201878     0.2602830487641837
   2.602065959562365     3.058052940793737     0.2605203421835158
   2.60375614348158      3.060497335196619     0.2607569022507895
   2.605437274190893     3.062929911930573     0.2609927317197225
   2.607109391351166     3.065350713350902     0.2612278333305274
   2.608772534429812     3.067759781648188     0.2614622098099389
   2.610426742701907     3.070157158849046     0.2616958638713217
   2.61207205525164      3.072542886817364     0.2619287982147616
   2.613708510971545     3.074917007252655     0.262161015527041
   2.615336148566272     3.077279561694278     0.2623925184818953
   2.616955006551795     3.079630591519758     0.2626233097399723
   2.618565123256785     3.081970137945971     0.262853391948942
   2.62016653682409      3.084298242030392     0.2630827677435976
   2.621759285210623     3.086614944670336     0.2633114397458667
   2.623343406189921     3.08892028660564      0.2635394105649898
   2.624918937351628     3.091214308417383     0.2637666827974992
   2.626485916103666     3.093497050530077     0.2639932590273717
   2.628044379672455     3.095768553211348     0.264219141826059
   2.629594365104275     3.098028856573089     0.2644443337525851
   2.631135909266076     3.100278000571917     0.2646688373536068
   2.632669048846527     3.102516025009929     0.2648926551634984
   2.634193820356735     3.104742969535053     0.2651157897044177
   2.635710260131783     3.106958873642435     0.2653382434863978
   2.637218404331044     3.109163776674276     0.2655600190073973
   2.638718288939518     3.111357717820981     0.2657811187533873
   2.640209949768378     3.113540736121309     0.2660015451984013
   2.641693422456381     3.115712870463605     0.2662213008046396
   2.643168742470756     3.117874159586401     0.2664403880225327
   2.644635945107397     3.12002464207811      0.2666588092907666
   2.646095065493016     3.12216435637924      0.2668765670364311
   2.647546138584745     3.124293340781346     0.2670936636750058
   2.648989199171954     3.126411633428833     0.2673101016104871
   2.65042428187709      3.128519272319473     0.2675258832354568
   2.651851421155887     3.130616295304192     0.2677410109310887
   2.653270651299006     3.132702740088601     0.2679554870672907
   2.654682006432578     3.134778644233205     0.2681693140027246
   2.656085520519143     3.136844045154073     0.2683824940848888
   2.657481227358535     3.138898980123469     0.268595029650184
   2.658869160588741     3.140943486270451     0.2688069230239721
   2.660249353686741     3.142977600581432     0.2690181765206453
   2.661621839969428     3.145001359900867     0.2692287924436873
   2.662986652594438     3.147014800931809     0.269438773085743
   2.664343824560989     3.149017960236518     0.2696481207286781
   2.66569338871024      3.151010874236396     0.2698568376436046
   2.667035377728592     3.152993579215776     0.2700649260911124
   2.668369824143661     3.154966111316229     0.2702723883210107
   2.669696760329416     3.156928506542719     0.2704792265726674
   2.671016218506618     3.158880800763679     0.2706854430750471
   2.672328230741168     3.160823029708388     0.270891040046615
   2.673632828947348     3.162755228970713     0.2710960196955415
   2.674930044886185     3.16467743400651      0.2713003842196217
   2.676219910169243     3.166589680138054     0.2715041358065129
   2.67750245625743      3.168492002552007     0.2717072766336704
   2.678777714462274     3.170384436300664     0.2719098088684379
   2.680045715946771     3.172267016302542     0.2721117346681065
   2.68130649172614      3.174139777342916     0.2723130561799693
   2.682560072668561     3.176002754074336     0.2725137755413786
   2.683806489495974     3.177855981017197     0.2727138948798029
   2.685045772785158     3.179699492560681     0.2729134163129059
   2.686277952967912     3.181533322962583     0.2731123419485537
   2.687503060332298     3.183357506350445     0.2733106738849139
   2.688721125023211     3.185172076721881     0.2735084142104945
   2.689932177043181     3.186977067945171     0.2737055650041955
   2.691136246253118     3.188772513759804     0.2739021283353709
   2.692333362373134     3.190558447777116     0.274098106263885
   2.693523554983083     3.192334903480569     0.2742935008401485
   2.694706853523632     3.194101914226694     0.2744883141052021
   2.695883287296665     3.195859513245232     0.2746825480907389
   2.697052885466196     3.197607733639889     0.2748762048191724
   2.69821567705911      3.199346608388884     0.2750692863036951
   2.699371690965871     3.201076170345448     0.2752617945483169
   2.700520955940918     3.202796452237965     0.2754537315479073
   2.701663500604237     3.204507486671565     0.2756450992882958
   2.702799353440863     3.206209306127113     0.2758358997462487
   2.703928542802805     3.207901942963297     0.2760261348895925
   2.705051096908978     3.20958542941614      0.2762158066772206
   2.706167043845779     3.211259797599378     0.2764049170591299
   2.7072764115688       3.212925079506259     0.2765934679765414
   2.708379227902173     3.214581307008348     0.2767814613618563
   2.709475520540312     3.216228511857373     0.2769688991387761
   2.710565317048096     3.217866725685104     0.2771557832223197
   2.711648644861639     3.219495980003964     0.2773421155188759
   2.712725531289014     3.221116306207615     0.2775278979262558
   2.713796003510949     3.22272773557145      0.2777131323337368
   2.714860088581343     3.224330299252937     0.2778978206221077
   2.71591781342813      3.22592402829236      0.2780819646637244
   2.716969204853807     3.227508953613126     0.2782655663225468
   2.718014289536133     3.229085106022336     0.2784486274541881
   2.719053094028777     3.230652516211267     0.2786311499059616
   2.720085644761988     3.232211214755858     0.2788131355169327
   2.721111968043235     3.233761232117229     0.2789945861179501
   2.722132090057809     3.235302598642086     0.2791755035317046
   2.723146036869033     3.236835344562659     0.279355889572732
   2.724153834420831     3.23835949999968      0.2795357460475915
   2.725155508535388     3.23987509495903      0.2797150747547182
   2.726151084915815     3.241382159334821     0.2798938774845894
   2.727140589146204     3.242880722909182     0.2800721560197432
   2.728124046692299     3.244370815352735     0.2802499121348145
   2.729101482902581     3.245852466225725     0.2804271475966172
   2.73007292300691      3.247325704975911     0.2806038641640548
   2.731038392120149     3.248790560942929     0.2807800635883573
   2.731997915240728     3.250247063356117     0.2809557476129896
   2.732951517251746     3.251695241335627     0.2811309179737331
   2.733899222921626     3.253135123892948     0.2813055763987228
   2.734841056904574     3.254566739931199     0.2814797246084865
   2.735777043741535     3.255990118246035     0.2816533643160008
   2.73670720786038      3.257405287525595     0.2818264972267147
   2.737631573576354     3.258812276350771     0.2819991250385777
   2.738550165093465     3.26021111319669      0.2821712494421305
   2.739458540595872     3.261589570487505     0.282342384844972
   2.740357156078385     3.262948820024531     0.2825125796019268
   2.741250082475212     3.264299983481044     0.2826822768147568
   2.742137343730966     3.265643089564522     0.2828514781654706
   2.743018963677812     3.266978166872013     0.2830201853285028
   2.743894966037296     3.268305243892172     0.2831883999708382
   2.744765374420076     3.26962434900463      0.2833561237520035
   2.745630212327002     3.270935510481119     0.2835233583241321
   2.746489503149195     3.272238756485282     0.2836901053319733
   2.747343270169178     3.273534115073855     0.2838563664129778
   2.748191536561383     3.274821614197026     0.2840221431973221
   2.7490343253924       3.276101281698522     0.2841874373079341
   2.749871659621465     3.277373145315919     0.2843522503605223
   2.750703562101915     3.278637232682275     0.2845165839636786
   2.751530055580516     3.279893571324989     0.2846804397188377
   2.752351162698969     3.281142188667474     0.2848438192203686
   2.75316690599408      3.282383112029108     0.2850067240555998
   2.753977307898359     3.283616368625754     0.2851691558048537
   2.75478239074061      3.284841985570244     0.2853311160414881
   2.755582176746438     3.286059989872794     0.2854926063319354
   2.756376688038841     3.287270408441495     0.2856536282357355
   2.757165946638738     3.288473268082738     0.2858141833055829
   2.757949974465466     3.289668595501618     0.2859742730873537
   2.758728793337384     3.290856417302453     0.2861338991201478
   2.75950242497237      3.292036759989167     0.2862930629363257
   2.76027089098837      3.293209649965758     0.2864517660615492
   2.761034212903906     3.294375113536723     0.2866100100148103
   2.761792412138571     3.295533176907421     0.2867677963084639
   2.762545510013655     3.296683866184665     0.2869251264482815
   2.763293527752501     3.297827207376944     0.2870820019334672
   2.764036486481211     3.298963226395062     0.2872384242567056
   2.764774407228984     3.300091949052377     0.2873943949041944
   2.765507310928733     3.301213401065345     0.2875499153556702
   2.766235218417067     3.302327608053259     0.2877049870844235
   2.766958150436759     3.303434595541216     0.2878596115574651
   2.767676127634827     3.3045343889574       0.2880137902353811
   2.768389170562341     3.305627013632622     0.2881675245723437
   2.769097299679707     3.30671249480688      0.2883208160164445
   2.769800535351909     3.30779085762304      0.2884736660093934
   2.770498897851608     3.308862127130571     0.288626075986717
   2.771192407359609     3.30992632828596      0.2887780473777956
   2.771881083963337     3.310983485950505     0.2889295816057586
   2.77256494766035      3.31203362489464      0.2890806800877235
   2.773244018356658     3.313076769795545     0.2892313442346803
   2.773918315868213     3.314112945238865     0.2893815754515869
   2.774587859920359     3.315142175717785     0.2895313751373561
   2.775252670149533     3.316164485635003     0.2896807446849382
   2.775912766102931     3.317179899302098     0.2898296854813225
   2.776568167238938     3.318188440939889     0.2899781989075533
   2.777218892928008     3.319190134679349     0.2901262863388013
   2.777864962453093     3.320185004561955     0.2902739491443802
   2.778506395009728     3.321173074539606     0.2904211886877627
   2.779143209706757     3.322154368475353     0.2905680063266212
   2.779775425566806     3.32312891014381      0.2907144034128692
   2.780403061526266     3.324096723230928     0.2908603812926511
   2.781026136436793     3.325057831335749     0.2910059413064519
   2.781644669064323     3.326012257968924     0.2911510847890238
   2.782258678090867     3.326960026554852     0.2912958130695119
   2.782868182114        3.327901160430818     0.2914401274714181
   2.783473199647875     3.328835682848111     0.2915840293126676
   2.784073749122971     3.329763616971503     0.291727519905602
   2.784669848887535     3.330684985880958     0.2918706005570558
   2.785261517207069     3.331599812570738     0.2920132725683465
   2.78584877226524      3.332508119950413     0.2921555372353208
   2.78643163216422      3.33340993084512      0.292297395848378
   2.787010114924954     3.334305267995732     0.2924388496924957
   2.787584238487888     3.335194154059592     0.2925799000472704
   2.788154020712799     3.336076611610142     0.2927205481869124
   2.788719479380112     3.336952663138436     0.2928607953803347
   2.789280632190566     3.337822331052523     0.2930006428911218
   2.789837496765654     3.338685637677859     0.2931400919775686
   2.790390090648482     3.339542605258222     0.2932791438927344
   2.790938431303827     3.340393255955624     0.2934177998844509
   2.79148253611864      3.341237611850792     0.2935560611953456
   2.792022422402436     3.342075694943501     0.2936939290628826
   2.792558107387591     3.342907527152783     0.2938314047193701
   2.793089608229985     3.343733130317595     0.2939684893920058
   2.793616942009043     3.34455252619671      0.29410518430289
   2.794140125728493     3.345365736469524     0.2942414906690609
   2.794659176316463     3.346172782736004     0.2943774097025145
   2.795174110626006     3.346973686517248     0.2945129426102301
   2.795684945435438     3.347768469255707     0.294648090594198
   2.796191697448776     3.348557152315639     0.2947828548514478
   2.796694383295996     3.349339756983247     0.2949172365740636
   2.797193019533602     3.350116304467267     0.2950512369492292
   2.797687622644729     3.350886815898957     0.2951848571592251
   2.798178209039801     3.351651312332794     0.2953180983814765
   2.798664795056702     3.352409814746506     0.2954509617885705
   2.799147396961201     3.353162344041514     0.2955834485482716
   2.799626030947369     3.353908921043287     0.2957155598235636
   2.800100713137846     3.354649566501554     0.2958472967726596
   2.800571459583721     3.355384301089992     0.2959786605489949
   2.801038286267104     3.356113145409404     0.2961096523013955
   2.801501209098109     3.356836119983678     0.2962402731738907
   2.801960243917472     3.357553245263012     0.2963705243058635
   2.802415406496328     3.358264541623484     0.2965004068320599
   2.802866712536559     3.358970029367381     0.296629921882597
   2.803314177671159     3.359669728723492     0.2967590705829943
   2.803757817464583     3.360363659847438     0.296887854054196
   2.804197647413488     3.361051842822498     0.2970162734126123
   2.804633682945468     3.361734297657811     0.297144329770049
   2.805065939421554     3.362411044291492     0.2972720242338642
   2.805494432135689     3.363082102589798     0.2973993579069341
   2.805919176314597     3.363747492346826     0.2975263318876477
   2.806340187118634     3.364407233285494     0.2976529472699598
   2.806757479641916     3.365061345057563     0.2977792051434064
   2.807171068912738     3.365709847244025     0.2979051065931229
   2.807580969893884     3.366352759355412     0.2980306526998661
   2.807987197483059     3.366990100832188     0.2981558445400523
   2.80838976651269      3.367621891044379     0.2982806831857334
   2.808788691751282     3.368248149293193     0.2984051697046959
   2.80918398790271      3.368868894809981     0.2985293051604024
   2.809575669607065     3.369484146757185     0.2986530906120578
   2.80996375144085      3.370093924228508     0.2987765271146215
   2.810348247917331     3.370698246249188     0.2988996157188228
   2.81072917348681      3.371297131776263     0.2990223574711871
   2.811106542536951     3.371890599698874     0.2991447534140524
   2.811480369393137     3.372478668838567     0.2992668045855999
   2.811850668318791     3.373061357949626     0.2993885120198606
   2.812217453515249     3.373638685718769     0.2995098767467286
   2.812580739123109     3.374210670766773     0.2996308997920319
   2.812940539221455     3.374777331647362     0.2997515821774837
   2.813296867828577     3.375338686848009     0.2998719249207401
   2.813649738902495     3.3758947547905       0.2999919290354265
   2.813999166340745     3.376445553830545     0.3001115955311241
   2.814345163981191     3.376991102258722     0.3002309254134237
   2.81468774560209      3.377531418300422     0.3003499196839355
   2.815026924922359     3.3780665201161       0.3004685793402961
   2.815362715601918     3.378596425801602     0.3005869053762022
   2.815695131241956     3.379121153388398     0.3007048987814205
   2.816024185385274     3.379640720843917     0.3008225605418152
   2.81634989151652      3.380155146071738     0.300939891639354
   2.81667226306248      3.380664446911844     0.3010568930521426
   2.816991313392377     3.38116864114094      0.3011735657544355
   2.817307055818208     3.381667746472732     0.3012899107166552
   2.817619503594887     3.382161780558046     0.3014059289054039
   2.817928669920682     3.382650760985257     0.3015216212835003
   2.818234567937349     3.383134705280393     0.3016369888099741
   2.818537210730563     3.383613630907545     0.3017520324401097
   2.818836611330036     3.384087555268951     0.3018667531254404
   2.819132782709931     3.384556495705414     0.3019811518137864
   2.819425737789028     3.385020469496413     0.3020952294492521
   2.81971548943104      3.385479493860428     0.3022089869722643
   2.820002050444914     3.385933585955207     0.3023224253195825
   2.820285433585007     3.386382762877909     0.3024355454243046
   2.820565651551505     3.386827041665533     0.3025483482159101
   2.820842716990473     3.387266439294921     0.3026608346202465
   2.821116642494315     3.387700972683194     0.3027730055595707
   2.821387440601975     3.388130658687982     0.3028848619525586
   2.82165512379916      3.388555514107567     0.3029964047143224
   2.821919704518588     3.388975555681143     0.3031076347564158
   2.822181195140295     3.389390800089093     0.3032185529868741
   2.822439607991968     3.389801263953343     0.3033291603102164
   2.822694955348991     3.39020696383733      0.3034394576274616
   2.82294724943486      3.390607916246432     0.3035494458361498
   2.823196502420781     3.391004137627371     0.3036591258303104
   2.823442726428402     3.391395644371651     0.3037684985006617
   2.823685933526338     3.391782452810974     0.3038775647343574
   2.823926135732825     3.392164579220584     0.3039863254151751
   2.824163345015521     3.392542039818915     0.3040947814235047
   2.824397573291579     3.392914850767608     0.3042029336363444
   2.82462883242794      3.393283028171805     0.3043107829273244
   2.824857134242157     3.393646588081115     0.3044183301667659
   2.825082490500093     3.394005546486552     0.30452557622152
   2.825304912921596     3.39435991932782      0.3046325219553489
   2.825524413173573     3.394709722484214     0.3047391682284635
   2.825741002876441     3.395054971782933     0.3048455158979554
   2.825954693600982     3.395395682994915     0.3049515658175856
   2.826165496869488     3.395731871836218     0.3050573188378527
   2.826373424156091     3.396063553968367     0.3051627758060308
   2.826578486886806     3.396390744998369     0.3052679375661599
   2.826780696439797     3.396713460478916     0.3053728049590645
   2.826980064145662     3.397031715908731     0.3054773788223777
   2.827176601287643     3.397345526732706     0.3055816599905491
   2.827370319101858     3.397654908342169     0.3056856492948635
   2.827561228777451     3.397959876074971     0.3057893475634508
   2.82774934145701      3.398260445215977     0.3058927556213094
   2.827934668236497     3.398556630996866     0.3059958742903052
   2.828117220165715     3.398848448596674     0.3060987043892039
   2.828297008248549     3.399135913142041     0.3062012467336795
   2.828474043442855     3.399419039706982     0.3063035021363166
   2.828648336661199     3.399697843313761     0.3064054714066484
   2.828819898770513     3.399972338932381     0.306507155351147
   2.828988740592704     3.400242541481306     0.3066085547732473
   2.829154872904883     3.40050846582767      0.3067096704733789
   2.82931830643928      3.4007701267871       0.3068105032489426
   2.829479051883519     3.401027539124004     0.3069110538943442
   2.829637119881026     3.401280717552023     0.3070113232010162
   2.829792521031662     3.401529676734781     0.3071113119574522
   2.829945265890411     3.401774431284125     0.3072110209491303
   2.830095364969502     3.402014995762774     0.3073104509586461
   2.830242828737356     3.402251384682935     0.3074096027656469
   2.83038766761885      3.402483612506528     0.3075084771468466
   2.83052989199653      3.402711693646725     0.3076070748761094
   2.83066951220944      3.402935642466332     0.3077053967243709
   2.830806538554302     3.403155473279289     0.3078034434597056
   2.830940981285391     3.403371200350402     0.3079012158473367
   2.831072850614729     3.403582837895559     0.3079987146496356
   2.831202156712288     3.403790400081915     0.3080959406261393
   2.831328909706237     3.40399390102815      0.3081928945335667
   2.831453119683087     3.404193354804581     0.3082895771258285
   2.831574796687967     3.404388775433472     0.3083859891540412
   2.831693950724702     3.404580176889058     0.3084821313665411
   2.831810591756108     3.404767573097881     0.3085780045088921
   2.831924729704109     3.404950977938862     0.3086736093239006
   2.83203637445006      3.405130405243659     0.3087689465516351
   2.832145535834729     3.405305868796597     0.3088640169294254
   2.832252223658684     3.405477382335092     0.308958821191888
   2.832356447682428     3.405644959549774     0.3090533600709315
   2.832458217626481     3.405808614084535     0.309147634295767
   2.832557543171719     3.405968359536893     0.3092416445929242
   2.832654433959466     3.40612420945807      0.3093353916862712
   2.832748899591697     3.406276177353193     0.3094288762970007
   2.832840949631279     3.406424276681542     0.3095220991436791
   2.832930593602065     3.40656852085661      0.3096150609422241
   2.833017840989114     3.406708923246347     0.3097077624059359
   2.833102701238928     3.406845497173398     0.3098002042455127
   2.833185183759511     3.40697825591512      0.3098923871690362
   2.833265297920698     3.407107212703958     0.309984311882022
   2.833343053054188     3.407232380727447     0.3100759790873943
   2.833418458453832     3.407353773128489     0.3101673894855229
   2.833491523375766     3.407471403005516     0.3102585437742206
   2.833562257038593     3.407585283412644     0.3103494426487666
   2.83363066862348      3.407695427359761     0.3104400868018986
   2.833696767274551     3.40780184781296      0.3105304769238514
   2.833760562098787     3.40790455769438      0.3106206137023425
   2.833822062166253     3.40800356988244      0.3107104978225889
   2.833881276510715     3.408098897212574     0.3108001299673491
   2.833938214128469     3.408190552475693     0.3108895108168452
   2.833992883981395     3.408278548422054     0.3109786410489622
   2.834045294993413     3.408362897756636     0.3110675213390141
   2.834095456053042     3.408443613142399     0.3111561523599206
   2.834143376013007     3.408520707199737     0.3112445347821646
   2.834189063690321     3.40859419250652      0.3113326692738143
   2.834232527866546     3.408664081598394     0.3114205565005316
   2.834273777287904     3.408730386968855     0.3115081971255785
   2.834312820665426     3.408793121069427     0.311595591809833
   2.83434966667569      3.408852296310546     0.3116827412118305
   2.834384323958855     3.40890792505897      0.3117696459876407
   2.834416801121896     3.408960019641916     0.3118563067910731
   2.83444710673683      3.409008592344726     0.311942724273568
   2.834475249341331     3.409053655411626     0.312028899084231
   2.834501237438845     3.409095221045803     0.312114831869843
   2.834525079498628     3.409133301409416     0.3122005232748665
   2.83454678395628      3.409167908624264     0.3122859739414652
   2.834566359213518     3.409199054771409     0.3123711845095128
   2.834583813638595     3.409226751891719     0.3124561556166024
   2.83459915556612      3.409251011985555     0.3125408878980371
   2.834612393297604     3.409271847013428     0.312625381986872
   2.83462353510149      3.409289268896043     0.3127096385139115
   2.834632589213132     3.409303289514184     0.3127936581077091
   2.834639563835174     3.409313920709168     0.3128774413945946
   2.834644467137344     3.409321174282548     0.3129609889986531
   2.834647307257227     3.409325061997069     0.3130443015417835
   2.834648092299807     3.409325595576018     0.3131273796436673
